0000000
0     0
0     0
0     0
0     0
0     0
0     0
0     0
0     0
0000000
   1   
  11   
 1 1   
   1   
   1   
   1   
   1   
   1   
   1   
 11111 
2222222
      2
      2
      2
2222222
2      
2      
2      
2      
22222222
3333333
      3
      3
      3
3333333
      3
      3
      3
      3
3333333
4    4 
4    4 
4    4 
4    4 
4444444
     4 
     4 
     4 
     4 
     4 
5555555
5      
5      
5      
5555555
      5
      5
      5
      5
5555555
6666666
6      
6      
6      
6666666
6     6
6     6
6     6
6     6
6666666
7777777
      7
      7
      7
      7
      7
      7
      7
      7
      7
8888888
8     8
8     8
8     8
8888888
8     8
8     8
8     8
8     8
8888888
9999999
9     9
9     9
9     9
9999999
      9
      9
      9
      9
9999999